Normal:RGB		Deutanopia:
255 255 255	  255 232 239
255 255 204	  255 223 200
255 255 153 	255 218 173
255 255 102	  255 215 157
255 255 051 	255 213 148
255 255 000 	255 213 146
255 204 255 	225 216 253
255 204 204 	241 210 203
255 204 153 	252 205 153
255 204 102 	255 202 111
255 204 051 	255 200 087
255 204 000 	255 199 080
255 153 255 	176 188 249
255 153 204 	197 181 199
255 153 153 	210 176 149
255 153 102 	218 172 098
255 153 051 	222 171 042
255 153 000 	223 170 000
255 102 255 	133 167 245
255 102 204 	160 159 195
255 102 153 	177 153 146
255 102 102 	187 149 094
255 102 051 	191 147 034
255 102 000 	192 147 000
255 051 255 	103 155 242
255 051 204 	138 146 193
255 051 153 	157 139 143
255 051 102 	167 135 092
255 051 051 	173 132 028
255 051 000 	174 134 000
255 000 255 	094 152 241
255 000 204 	131 143 192
255 000 153 	151 136 142
255 000 102 	162 131 091
255 000 051 	168 128 026
255 000 000 	169 130 000
204 255 255 	255 234 253
204 255 204 	255 222 204
204 255 153 	255 216 171
204 255 102 	255 212 151
204 255 051 	255 211 140
204 255 000 	255 211 137
204 204 255 	203 204 255
204 204 204 	222 198 205
204 204 153 	234 193 155
204 204 102 	241 190 106
204 204 051 	245 188 059
204 204 000 	246 198 000
204 153 255 	143 174 251
204 153 204 	170 167 201
204 153 153 	186 161 152
204 153 102 	196 157 101
204 153 051 	201 155 050
204 153 000 	202 154 000
204 102 255 	076 151 246
204 102 204 	123 141 197
204 102 153 	145 134 148
204 102 102 	158 129 097
204 102 051 	164 126 043
204 102 000 	166 127 000
204 051 255 	000 141 239
204 051 204 	087 126 194
204 051 153 	118 117 145
204 051 102 	133 111 095
204 051 051 	140 108 039
204 051 000 	143 109 000
204 000 255 	000 140 236
204 000 204 	075 122 192
204 000 153 	110 113 144
204 000 102 	126 106 094
204 000 051 	133 103 038
204 000 000 	136 105 000
153 255 255 	244 228 255
153 255 204 	255 221 208
153 255 153 	255 214 169
153 255 102 	255 210 145
153 255 051 	255 209 132
153 255 000 	255 208 128
153 204 255 	185 196 255
153 204 204 	206 189 207
153 204 153 	219 184 157
153 204 102 	228 181 108
153 204 051 	232 179 063
153 204 000 	233 178 042
153 153 255 	111 164 253
153 153 204 	146 155 204
153 153 153 	166 148 154
153 153 102 	178 144 104
153 153 051 	183 142 055
153 153 000 	166 149 000
153 102 255 	000 144 243
153 102 204 	080 127 199
153 102 153 	115 118 150
153 102 102 	132 112 100
153 102 051 	140 109 049
153 102 000 	142 108 000
153 051 255 	000 141 232
153 051 204 	000 115 194
153 051 153 	073 097 146
153 051 102 	098 089 097
153 051 051 	108 085 045
153 051 000 	112 086 000
153 000 255 	000 140 229
153 000 204 	000 115 192
153 000 153 	056 091 144
153 000 102 	087 083 095
153 000 051 	099 078 044
153 000 000 	103 079 000
102 255 255 	235 223 255
102 255 204 	255 221 211
102 255 153 	255 213 167
102 255 102 	255 208 139
102 255 051 	255 207 124
102 255 000 	255 206 121
102 204 255 	173 190 255
102 204 204 	195 183 209
102 204 153 	210 178 159
102 204 102 	218 174 110
102 204 051 	223 172 066
102 204 000 	224 172 046
102 153 255 	081 156 254
102 153 204 	128 147 205
102 153 153 	151 140 156
102 153 102 	164 135 106
102 153 051 	170 133 059
102 153 000 	172 132 033
102 102 255 	000 144 238
102 102 204 	000 118 201
102 102 153 	088 106 152
102 102 102 	111 099 103
102 102 051 	121 095 053
102 102 000 	123 094 017
102 051 255 	000 140 228
102 051 204 	000 118 194
102 051 153 	000 089 149
102 051 102 	061 071 099
102 051 051 	079 064 049
102 051 000 	083 064 000
102 000 255 	000 139 225
102 000 204 	000 118 191
102 000 153 	000 090 148
102 000 102 	037 061 096
102 000 051 	063 053 047
102 000 000 	069 053 000
051 255 255 	231 221 255
051 255 204 	252 219 212
051 255 153 	255 212 166
051 255 102 	255 207 136
051 255 051 	255 205 120
051 255 000 	255 205 116
051 204 255 	167 187 255
051 204 204 	189 180 209
051 204 153 	204 174 160
051 204 102 	214 171 111
051 204 051 	218 169 067
051 204 000 	219 168 048
051 153 255 	057 153 255
051 153 204 	117 143 206
051 153 153 	143 135 157
051 153 102 	157 130 107
051 153 051 	164 128 060
051 153 000 	165 134 000
051 102 255 	000 144 236
051 102 204 	000 120 201
051 102 153 	067 099 154
051 102 102 	097 091 104
051 102 051 	109 087 055
051 102 000 	112 086 023
051 051 255 	000 140 226
051 051 204 	000 120 194
051 051 153 	000 093 153
051 051 102 	000 059 101
051 051 051 	055 049 051
051 051 000 	061 047 009
051 000 255 	000 139 223
051 000 204 	000 118 191
051 000 153 	000 093 150
051 000 102 	000 063 103
051 000 051 	019 030 048
051 000 000 	034 026 000
000 255 255 	230 220 255
000 255 204 	251 218 212
000 255 153 	255 211 166
000 255 102 	255 207 135
000 255 051 	255 205 119
000 255 000 	255 205 114
000 204 255 	165 187 255
000 204 204 	187 179 209
000 204 153 	203 174 160
000 204 102 	212 170 111
000 204 051 	217 168 068
000 204 000 	218 168 049
000 153 255 	051 152 255
000 153 204 	114 142 207
000 153 153 	141 134 157
000 153 102 	155 129 108
000 153 051 	162 126 061
000 153 000 	163 126 037
000 102 255 	000 144 236
000 102 204 	000 120 201
000 102 153 	061 098 154
000 102 102 	094 090 105
000 102 051 	106 085 056
000 102 000 	109 084 024
000 051 255 	000 140 226
000 051 204 	000 120 194
000 051 153 	000 094 154
000 051 102 	000 062 104
000 051 051 	047 045 052
000 051 000 	054 042 012
000 000 255 	000 139 223
000 000 204 	000 118 190
000 000 153 	000 094 151
000 000 102 	000 065 104
000 000 051 	000 033 053
000 000 000 	000 000 000