Normal:RGB		Protanopia:
255 255 255  	255 250 250
255 255 204 	255 242 200
255 255 153 	255 237 162
255 255 102 	255 234 134
255 255 051 	255 233 117
255 255 000	  255 232 113
255 204 255	  207 215 255
255 204 204 	222 216 210
255 204 153 	229 214 157
255 204 102	  233 212 105
255 204 051 	236 212 053
255 204 000 	236 211 015
255 153 255 	170 189 255
255 153 204 	177 184 224
255 153 153 	189 182 168
255 153 102 	196 180 112
255 153 051 	199 180 058
255 153 000 	200 179 023
255 102 255 	152 178 255
255 102 204 	130 160 246
255 102 153 	153 157 185
255 102 102 	165 155 124
255 102 051 	170 154 066
255 102 000 	172 154 030
255 051 255 	150 177 255
255 051 204 	119 157 255
255 051 153 	122 142 206
255 051 102 	143 140 139
255 051 051 	152 139 074
255 051 000 	154 139 035
255 000 255 	150 177 255
255 000 204 	123 160 255
255 000 153 	110 137 215
255 000 102 	136 136 146
255 000 051 	147 135 078
255 000 000 	150 135 038
204 255 255 	248 244 248
204 255 204 	255 241 197
204 255 153 	255 235 151
204 255 102 	255 232 115
204 255 051 	255 231 092
204 255 000 	255 230 085
204 204 255 	196 206 255
204 204 204 	207 203 203
204 204 153 	215 201 151
204 204 102 	219 199 100
204 204 051 	221 198 049
204 204 000 	221 198 000
204 153 255 	152 177 255
204 153 204 	158 168 215
204 153 153 	170 165 160
204 153 102 	177 164 106
204 153 051 	181 163 054
204 153 000 	181 162 014
204 102 255 	135 167 255
204 102 204 	100 140 235
204 102 153 	127 136 175
204 102 102 	140 134 117
204 102 051 	146 133 060
204 102 000 	148 132 021
204 051 255 	138 170 255
204 051 204 	067 135 255
204 051 153 	082 117 200
204 051 102 	112 115 135
204 051 051 	123 113 070
204 051 000 	126 113 027
204 000 255 	140 171 255
204 000 204 	093 145 255
204 000 153 	053 111 213
204 000 102 	100 109 144
204 000 051 	116 108 076
204 000 000 	120 108 030
153 255 255 	239 236 244
153 255 204 	247 233 193
153 255 153 	251 231 144
153 255 102 	254 230 094
153 255 051 	255 229 050
153 255 000 	255 228 028
153 204 255 	185 197 250
153 204 204 	196 193 198
153 204 153 	203 191 147
153 204 102 	207 189 097
153 204 051 	209 188 047
153 204 000 	210 188 000
153 153 255 	131 164 255
153 153 204 	143 156 206
153 153 153 	155 152 153
153 153 102 	162 150 101
153 153 051 	165 149 050
153 153 000 	166 149 000
153 102 255 	112 155 255
153 102 204 	073 123 223
153 102 153 	106 119 165
153 102 102 	120 116 109
153 102 051 	126 114 055
153 102 000 	127 114 013
153 051 255 	125 162 255
153 051 204 	000 122 246
153 051 153 	000 094 191
153 051 102 	080 091 128
153 051 051 	095 089 065
153 051 000 	099 089 019
153 000 255 	131 166 255
153 000 204 	039 130 255
153 000 153 	000 103 208
153 000 102 	057 083 143
153 000 051 	085 081 074
153 000 000 	090 081 023
102 255 255 	234 231 240
102 255 204 	241 228 191
102 255 153 	246 226 141
102 255 102 	248 225 093
102 255 051 	250 224 042
102 255 000 	250 224 000
102 204 255 	178 190 245
102 204 204 	189 187 193
102 204 153 	196 184 143
102 204 102 	200 182 094
102 204 051 	202 181 045
102 204 000 	202 181 000
102 153 255 	110 152 254
102 153 204 	133 147 199
102 153 153 	145 143 147
102 153 102 	152 140 097
102 153 051 	155 139 047
102 153 000 	155 139 000
102 102 255 	081 141 255
102 102 204 	050 110 213
102 102 153 	089 105 156
102 102 102 	104 102 102
102 102 051 	109 100 050
102 102 000 	111 099 000
102 051 255 	110 154 255
102 051 204 	000 116 234
102 051 153 	000 089 180
102 051 102 	050 070 118
102 051 051 	070 067 058
102 051 000 	074 066 011
102 000 255 	122 161 255
102 000 204 	000 124 248
102 000 153 	000 101 202
102 000 102 	000 071 142
102 000 051 	050 055 072
102 000 000 	060 054 015
051 255 255 	231 229 239
051 255 204 	238 226 189
051 255 153 	243 223 140
051 255 102 	245 222 092
051 255 051 	247 221 041
051 255 000 	247 221 000
051 204 255 	174 187 242
051 204 204 	185 183 191
051 204 153 	192 180 142
051 204 102  	196 178 093
051 204 051 	198 178 044
051 204 000 	198 177 000
051 153 255 	105 147 250
051 153 204 	127 142 195
051 153 153 	140 138 144
051 153 102 	146 135 094
051 153 051 	149 134 046
051 153 000 	149 134 000
051 102 255 	037 129 255
051 102 204 	032 103 205
051 102 153 	080 097 149
051 102 102 	094 093 097
051 102 051 	100 091 047
051 102 000 	101 091 000
051 051 255 	096 148 255
051 051 204 	000 112 225
051 051 153 	000 084 170
051 051 102 	025 055 106
051 051 051 	052 051 051
051 051 000  	055 050 000
051 000 255	  115 157 255
051 000 204 	000 121 242
051 000 153	  000 098 196
051 000 102	  000 070 139
051 000 051 	000 036 072
051 000 000 	030 027 008
000 255 255 	230 228 238
000 255 204 	237 225 189
000 255 153 	242 223 140
000 255 102 	245 221 092
000 255 051 	246 221 041
000 255 000 	246 220 000
000 204 255 	173 186 242
000 204 204 	184 182 191
000 204 153 	191 179 141
000 204 102 	195 178 093
000 204 051 	197 177 043
000 204 000 	197 176 000
000 153 255 	103 146 248
000 153 204 	126 141 194
000 153 153 	138 137 143
000 153 102 	144 134 094
000 153 051 	147 133 045
000 153 000 	148 133 000
000 102 255 	000 126 254
000 102 204  	026 102 204
000 102 153 	078 095 147
000 102 102 	092 091 095
000 102 051 	097 089 046
000 102 000 	099 088 000
000 051 255 	091 145 255
000 051 204 	000 111 222
000 051 153 	000 083 166
000 051 102 	013 051 102
000 051 051 	046 046 048
000 051 000 	049 044 000
000 000 255 	113 156 255
000 000 204 	000 120 240
000 000 153 	000 096 193
000 000 102 	000 068 135
000 000 051 	000 035 070
000 000 000 	000 000 000