Normal:RGB		Tritanopia:
255 255 255 	244 240 255
255 255 204 	253 239 255
255 255 153 	255 234 249
255 255 102 	255 230 245
255 255 051 	255 229 243
255 255 000 	255 228 242
255 204 255 	251 209 225
255 204 204 	255 202 216
255 204 153 	255 196 209
255 204 102 	255 192 205
255 204 051 	255 191 202
255 204 000 	255 190 202
255 153 255 	246 169 181
255 153 204 	252 159 170
255 153 153 	255 153 162
255 153 102 	255 149 158
255 153 051 	255 148 157
255 153 000 	255 148 156
255 102 255 	242 135 145
255 102 204 	248 121 129
255 102 153 	253 110 116
255 102 102 	255 102 108
255 102 051 	255 101 106
255 102 000 	255 101 105
255 051 255 	240 113 120
255 051 204 	247 094 099
255 051 153 	251 076 079
255 051 102 	254 061 062
255 051 051 	255 051 050
255 051 000 	255 051 049
255 000 255 	240 106 113
255 000 204 	246 085 090
255 000 153 	250 064 066
255 000 102 	253 043 040
255 000 051 	254 026 000
255 000 000 	254 028 000
204 255 255 	203 239 255
204 255 204 	211 239 255
204 255 153 	217 238 255
204 255 102 	221 238 255
204 255 051 	224 238 255
204 255 000 	224 238 255
204 204 255 	198 209 225
204 204 204 	206 202 217
204 204 153 	211 196 211
204 204 102 	215 193 207
204 204 051 	216 191 205
204 204 000 	217 190 204
204 153 255 	191 169 182
204 153 204 	199 159 171
204 153 153 	205 152 162
204 153 102 	208 146 157
204 153 051 	210 144 154
204 153 000 	211 143 153
204 102 255 	187 135 145
204 102 204 	195 121 130
204 102 153 	201 110 117
204 102 102 	204 101 108
204 102 051 	206 096 103
204 102 000 	207 095 101
204 051 255 	184 113 120
204 051 204 	193 094 100
204 051 153 	198 076 080
204 051 102 	202 061 063
204 051 051 	204 051 052
204 051 000 	204 048 048
204 000 255 	183 106 113
204 000 204 	192 085 090
204 000 153 	198 064 067
204 000 102 	202 043 043
204 000 051 	203 023 011
204 000 000 	204 022 000
153 255 255 	166 239 255
153 255 204 	172 239 255
153 255 153 	176 238 255
153 255 102 	180 238 255
153 255 051 	181 237 255
153 255 000 	182 237 255
153 204 255 	145 209 225
153 204 204 	156 202 217
153 204 153 	163 196 211
153 204 102 	168 193 207
153 204 051 	170 191 205
153 204 000 	171 190 205
153 153 255 	134 169 182
153 153 204 	146 159 171
153 153 153 	154 151 163
153 153 102 	159 146 157
153 153 051 	162 144 154
153 153 000 	162 143 153
153 102 255 	126 135 145
153 102 204 	140 121 130
153 102 153 	148 109 117
153 102 102 	154 101 108
153 102 051 	156 096 103
153 102 000 	157 095 102
153 051 255 	122 112 120
153 051 204 	136 093 100
153 051 153 	145 076 081
153 051 102 	150 061 064
153 051 051 	153 051 053
153 051 000 	154 048 050
153 000 255 	121 106 113
153 000 204 	135 085 091
153 000 153 	144 064 068
153 000 102 	150 043 044
153 000 051 	152 022 018
153 000 000 	153 017 000
102 255 255 	136 239 255
102 255 204 	139 239 255
102 255 153 	142 238 255
102 255 102 	144 238 255
102 255 051 	146 237 255
102 255 000 	146 237 255
102 204 255 	087 209 225
102 204 204 	107 202 217
102 204 153 	119 196 211
102 204 102 	126 193 207
102 204 051 	129 191 205
102 204 000 	130 190 205
102 153 255	  062 169 182
102 153 204	  090 159 171
102 153 153 	105 151 163
102 153 102 	113 146 157
102 153 051 	116 144 154
102 153 000 	117 143 154
102 102 255 	034 135 145
102 102 204 	077 121 130
102 102 153 	094 109 117
102 102 102 	103 101 108
102 102 051 	107 096 103
102 102 000 	108 095 102
102 051 255 	000 113 121
102 051 204 	068 093 100
102 051 153 	088 076 081
102 051 102 	098 061 065
102 051 051 	102 051 054
102 051 000 	103 048 051
102 000 255 	000 107 115
102 000 204 	066 084 091
102 000 153 	086 063 068
102 000 102 	096 043 045
102 000 051 	101 022 021
102 000 000 	102 011 000
051 255 255 	116 239 255
051 255 204 	118 239 255
051 255 153 	120 238 255
051 255 102 	121 238 255
051 255 051	  122 237 255
051 255 000 	122 237 255
051 204 255 	000 209 224
051 204 204 	062 202 217
051 204 153 	084 196 211
051 204 102 	094 193 207
051 204 051 	099 191 205
051 204 000 	100 191 215
051 153 255 	000 171 183
051 153 204 	000 160 172
051 153 153 	057 151 163
051 153 102 	073 146 157
051 153 051 	079 144 154
051 153 000 	081 143 154
051 102 255 	000 144 153
051 102 204 	000 127 135
051 102 153 	020 109 118
051 102 102 	053 101 109
051 102 051 	063 096 104
051 102 000 	065 095 102
051 051 255 	000 129 135
051 051 204 	000 106 112
051 051 153 	000 080 086
051 051 102 	038 060 065
051 051 051 	051 050 054
051 051 000 	054 048 051
051 000 255 	000 124 130
051 000 204 	000 100 105
051 000 153 	000 071 075
051 000 102 	033 042 045
051 000 051 	048 021 023
051 000 000 	051 006 000
000 255 255 	110 239 255
000 255 204 	112 239 255
000 255 153 	114 238 255
000 255 102 	115 238 255
000 255 051 	115 237 255
000 255 000 	115 237 255
000 204 255 	000 208 223
000 204 204 	041 202 217
000 204 153 	071 196 211
000 204 102 	084 193 207
000 204 051 	089 191 205
000 204 000 	090 191 205
000 153 255 	000 172 183
000 153 204 	000 161 172
000 153 153 	031 151 163
000 153 102 	057 146 157
000 153 051 	066 144 154
000 153 000 	068 143 154
000 102 255 	000 146 154
000 102 204 	000 130 138
000 102 153 	000 114 122
000 102 102 	021 101 109
000 102 051 	042 096 104
000 102 000 	045 095 102
000 051 255 	000 131 137
000 051 204 	000 111 116
000 051 153 	000 089 094
000 051 102 	000 067 071
000 051 051 	010 050 054
000 051 000 	023 048 051
000 000 255 	000 127 133
000 000 204 	000 106 110
000 000 153 	000 081 085
000 000 102 	000 055 057
000 000 051 	000 028 029
000 000 000 	000 000 000